# DESCRIPTION: Verilator output: Timestamp data for --skip-identical.  Delete at will.
C "--cc --vpi --build -j 0 -Wall -Wno-ALWCOMBORDER -Wno-UNUSEDSIGNAL --unroll-count 2048 --trace -I../ --Mdir ./obj_dir_CPU ..//CPUSin.sv --exe CPU_Sim.cpp"
S      3121  9969764  1747559400    79395101  1747559400    79395101 "../ALU.sv"
S      2389  9969830  1747558653    63212863  1747558653    63212863 "../BRUSin.sv"
S      5631  9961505  1747559020   157487183  1747559020   157487183 "../CPUSin.sv"
S     13115  9961650  1747559465   273817874  1747559465   273817874 "../Constants.vh"
S     11263  9969855  1747559487   941969611  1747559487   941969611 "../Controller.sv"
S      4476  9961510  1747559039   741555075  1747559039   741555075 "../DataCache.sv"
S      2583  9961646  1747558669   862172873  1747558669   862172873 "../ExpAddressHandler.sv"
S      2857  9970274  1747558673   387165274  1747558673   387165274 "../ImmGenerator.sv"
S      2291  9961508  1747558676   110159587  1747558676   110159587 "../InstCache.sv"
S      3924  9961649  1747558790   340055652  1747558790   340055652 "../MMIO.sv"
S      3678  9961647  1747558680   152151443  1747558680   152151443 "../Memory.sv"
S       855  9961648  1747558771    60055893  1747558771    60055893 "../MemorySim.sv"
S       710  9961653  1747558688    27136580  1747558688    27136580 "../Mux2.sv"
S      1374  9970739  1747558744   446067258  1747558744   446067258 "../ProgramCounter.sv"
S      2013  9970766  1747558812   809063470  1747558812   809063470 "../RegisterFile.sv"
T      5895  9961660  1747559852   716665193  1747559852   716665193 "./obj_dir_CPU/VCPUSin.cpp"
T      4159  9961659  1747559852   715665185  1747559852   715665185 "./obj_dir_CPU/VCPUSin.h"
T      1961  9961685  1747559852   718665208  1747559852   718665208 "./obj_dir_CPU/VCPUSin.mk"
T      3000  9961663  1747559852   716665193  1747559852   716665193 "./obj_dir_CPU/VCPUSin_CPUSin.h"
T    127818  9961679  1747559852   717665201  1747559852   717665201 "./obj_dir_CPU/VCPUSin_CPUSin__DepSet_h2af70986__0.cpp"
T     11987  9961677  1747559852   716665193  1747559852   716665193 "./obj_dir_CPU/VCPUSin_CPUSin__DepSet_h34a9c967__0__Slow.cpp"
T       632  9961668  1747559852   716665193  1747559852   716665193 "./obj_dir_CPU/VCPUSin_CPUSin__Slow.cpp"
T      2376  9961664  1747559852   716665193  1747559852   716665193 "./obj_dir_CPU/VCPUSin_Memory.h"
T      1051  9961665  1747559852   716665193  1747559852   716665193 "./obj_dir_CPU/VCPUSin_MemorySim.h"
T      1654  9961678  1747559852   716665193  1747559852   716665193 "./obj_dir_CPU/VCPUSin_MemorySim__DepSet_h5ed024ba__0__Slow.cpp"
T      1875  9961675  1747559852   716665193  1747559852   716665193 "./obj_dir_CPU/VCPUSin_MemorySim__DepSet_hecaf08cc__0.cpp"
T       659  9961669  1747559852   716665193  1747559852   716665193 "./obj_dir_CPU/VCPUSin_MemorySim__Slow.cpp"
T     23702  9961671  1747559852   716665193  1747559852   716665193 "./obj_dir_CPU/VCPUSin_Memory__DepSet_hbecb124d__0.cpp"
T     13877  9961682  1747559852   716665193  1747559852   716665193 "./obj_dir_CPU/VCPUSin_Memory__DepSet_hbecb124d__0__Slow.cpp"
T      4154  9961672  1747559852   716665193  1747559852   716665193 "./obj_dir_CPU/VCPUSin_Memory__DepSet_hc58c8a04__0__Slow.cpp"
T       632  9961667  1747559852   716665193  1747559852   716665193 "./obj_dir_CPU/VCPUSin_Memory__Slow.cpp"
T       678  9961658  1747559852   715665185  1747559852   715665185 "./obj_dir_CPU/VCPUSin__Dpi.cpp"
T       526  9961656  1747559852   715665185  1747559852   715665185 "./obj_dir_CPU/VCPUSin__Dpi.h"
T      2583  9961654  1747559852   715665185  1747559852   715665185 "./obj_dir_CPU/VCPUSin__Syms.cpp"
T      1652  9961655  1747559852   715665185  1747559852   715665185 "./obj_dir_CPU/VCPUSin__Syms.h"
T       299  9961680  1747559852   718665208  1747559852   718665208 "./obj_dir_CPU/VCPUSin__TraceDecls__0__Slow.cpp"
T     25054  9961674  1747559852   717665201  1747559852   717665201 "./obj_dir_CPU/VCPUSin__Trace__0.cpp"
T     65504  9961673  1747559852   718665208  1747559852   718665208 "./obj_dir_CPU/VCPUSin__Trace__0__Slow.cpp"
T      1728  9961662  1747559852   716665193  1747559852   716665193 "./obj_dir_CPU/VCPUSin___024root.h"
T      8446  9961676  1747559852   716665193  1747559852   716665193 "./obj_dir_CPU/VCPUSin___024root__DepSet_h255994a7__0.cpp"
T      4499  9961670  1747559852   716665193  1747559852   716665193 "./obj_dir_CPU/VCPUSin___024root__DepSet_h255994a7__0__Slow.cpp"
T      6456  9961683  1747559852   717665201  1747559852   717665201 "./obj_dir_CPU/VCPUSin___024root__DepSet_hd96ab13d__0.cpp"
T      8555  9961681  1747559852   716665193  1747559852   716665193 "./obj_dir_CPU/VCPUSin___024root__DepSet_hd96ab13d__0__Slow.cpp"
T       659  9961666  1747559852   716665193  1747559852   716665193 "./obj_dir_CPU/VCPUSin___024root__Slow.cpp"
T       788  9961661  1747559852   716665193  1747559852   716665193 "./obj_dir_CPU/VCPUSin__pch.h"
T      1762  9961686  1747559852   718665208  1747559852   718665208 "./obj_dir_CPU/VCPUSin__ver.d"
T         0        0  1747559852   718665208  1747559852   718665208 "./obj_dir_CPU/VCPUSin__verFiles.dat"
T      2274  9961684  1747559852   718665208  1747559852   718665208 "./obj_dir_CPU/VCPUSin_classes.mk"
S  16386728  5555181  1747526805   861547746  1747526805   860547739 "/usr/local/bin/verilator_bin"
S      6525  5659923  1747526806    22548938  1747526806    22548938 "/usr/local/share/verilator/include/verilated_std.sv"
S      2787  5659596  1747526806    21548931  1747526806    21548931 "/usr/local/share/verilator/include/verilated_std_waiver.vlt"
